araba: 42.9551823,-2.8451129
bizkaia: 43.1764124,-2.8382892
gipuzkoa: 43.0974089,-2.0639937